  1.0200000e-002	  9.9853500e-001	 -9.8877000e-001	
  1.0225000e-002	  0.0000000e+000	 -9.8388700e-001	
  1.0250000e-002	  0.0000000e+000	 -9.7900400e-001	
  1.0275000e-002	  0.0000000e+000	 -9.6923800e-001	
  1.0300000e-002	  0.0000000e+000	 -9.5947300e-001	
  1.0325000e-002	  0.0000000e+000	 -9.4482400e-001	
  1.0350000e-002	  0.0000000e+000	 -9.3017600e-001	
  1.0375000e-002	  0.0000000e+000	 -9.1308600e-001	
  1.0400000e-002	  0.0000000e+000	 -8.9599600e-001	
  1.0425000e-002	  0.0000000e+000	 -8.7890600e-001	
  1.0450000e-002	  0.0000000e+000	 -8.6181600e-001	
  1.0475000e-002	  0.0000000e+000	 -8.4228500e-001	
  1.0500000e-002	  0.0000000e+000	 -8.2275400e-001	
  1.0525000e-002	  0.0000000e+000	 -8.0078100e-001	
  1.0550000e-002	  0.0000000e+000	 -7.8369100e-001	
  1.0575000e-002	  0.0000000e+000	 -7.6416000e-001	
  1.0600000e-002	  0.0000000e+000	 -7.4218700e-001	
  1.0625000e-002	  0.0000000e+000	 -7.2509800e-001	
  1.0650000e-002	  0.0000000e+000	 -7.0312500e-001	
  1.0675000e-002	  0.0000000e+000	 -6.8359400e-001	
  1.0700000e-002	  0.0000000e+000	 -6.6650400e-001	
  1.0725000e-002	  0.0000000e+000	 -6.4697300e-001	
  1.0750000e-002	  0.0000000e+000	 -6.2744100e-001	
  1.0775000e-002	  0.0000000e+000	 -6.1035200e-001	
  1.0800000e-002	  0.0000000e+000	 -5.9326200e-001	
  1.0825000e-002	  0.0000000e+000	 -5.7373000e-001	
  1.0850000e-002	  0.0000000e+000	 -5.5664100e-001	
  1.0875000e-002	  0.0000000e+000	 -5.4199200e-001	
  1.0900000e-002	  0.0000000e+000	 -5.2490200e-001	
  1.0925000e-002	  0.0000000e+000	 -5.0781200e-001	
  1.0950000e-002	  0.0000000e+000	 -4.9316400e-001	
  1.0975000e-002	  0.0000000e+000	 -4.7851600e-001	
  1.1000000e-002	  0.0000000e+000	 -4.6386700e-001	
  1.1025000e-002	  0.0000000e+000	 -4.4921900e-001	
  1.1050000e-002	  0.0000000e+000	 -4.3457000e-001	
  1.1075000e-002	  0.0000000e+000	 -4.2236300e-001	
  1.1100000e-002	  0.0000000e+000	 -4.0771500e-001	
  1.1125000e-002	  0.0000000e+000	 -3.9550800e-001	
  1.1150000e-002	  0.0000000e+000	 -3.8330100e-001	
  1.1175000e-002	  0.0000000e+000	 -3.7109400e-001	
  1.1200000e-002	  0.0000000e+000	 -3.5888700e-001	
  1.1225000e-002	  0.0000000e+000	 -3.4668000e-001	
  1.1250000e-002	  0.0000000e+000	 -3.3691400e-001	
  1.1275000e-002	  0.0000000e+000	 -3.2714800e-001	
  1.1300000e-002	  0.0000000e+000	 -3.1494100e-001	
  1.1325000e-002	  0.0000000e+000	 -3.0517600e-001	
  1.1350000e-002	  0.0000000e+000	 -2.9541000e-001	
  1.1375000e-002	  0.0000000e+000	 -2.8564500e-001	
  1.1400000e-002	  0.0000000e+000	 -2.7587900e-001	
  1.1425000e-002	  0.0000000e+000	 -2.6855500e-001	
  1.1450000e-002	  0.0000000e+000	 -2.5878900e-001	
  1.1475000e-002	  0.0000000e+000	 -2.5146500e-001	
  1.1500000e-002	  0.0000000e+000	 -2.4414100e-001	
  1.1525000e-002	  0.0000000e+000	 -2.3437500e-001	
  1.1550000e-002	  0.0000000e+000	 -2.2705100e-001	
  1.1575000e-002	  0.0000000e+000	 -2.1972700e-001	
  1.1600000e-002	  0.0000000e+000	 -2.1240200e-001	
  1.1625000e-002	  0.0000000e+000	 -2.0752000e-001	
  1.1650000e-002	  0.0000000e+000	 -2.0019500e-001	
  1.1675000e-002	  0.0000000e+000	 -1.9287100e-001	
  1.1700000e-002	  0.0000000e+000	 -1.8798800e-001	
  1.1725000e-002	  0.0000000e+000	 -1.8066400e-001	
  1.1750000e-002	  0.0000000e+000	 -1.7578100e-001	
  1.1775000e-002	  0.0000000e+000	 -1.6845700e-001	
  1.1800000e-002	  0.0000000e+000	 -1.6357400e-001	
  1.1825000e-002	  0.0000000e+000	 -1.5869100e-001	
  1.1850000e-002	  0.0000000e+000	 -1.5380900e-001	
  1.1875000e-002	  0.0000000e+000	 -1.4892600e-001	
  1.1900000e-002	  0.0000000e+000	 -1.4404300e-001	
  1.1925000e-002	  0.0000000e+000	 -1.3916000e-001	
  1.1950000e-002	  0.0000000e+000	 -1.3427700e-001	
  1.1975000e-002	  0.0000000e+000	 -1.2939500e-001	
  1.2000000e-002	  0.0000000e+000	 -1.2451200e-001	
  1.2025000e-002	  0.0000000e+000	 -1.2207000e-001	
  1.2050000e-002	  0.0000000e+000	 -1.1718700e-001	
  1.2075000e-002	  0.0000000e+000	 -1.1474600e-001	
  1.2100000e-002	  0.0000000e+000	 -1.0986300e-001	
  1.2125000e-002	  0.0000000e+000	 -1.0498000e-001	
  1.2150000e-002	  0.0000000e+000	 -1.0253900e-001	
  1.2175000e-002	  0.0000000e+000	 -1.0009800e-001	
  1.2200000e-002	  0.0000000e+000	 -9.5215000e-002	
  1.2225000e-002	  0.0000000e+000	 -9.2773000e-002	
  1.2250000e-002	  0.0000000e+000	 -9.0332000e-002	
  1.2275000e-002	  0.0000000e+000	 -8.7891000e-002	
  1.2300000e-002	  0.0000000e+000	 -8.5449000e-002	
  1.2325000e-002	  0.0000000e+000	 -8.0566000e-002	
  1.2350000e-002	  0.0000000e+000	 -7.8125000e-002	
  1.2375000e-002	  0.0000000e+000	 -7.5684000e-002	
  1.2400000e-002	  0.0000000e+000	 -7.3242000e-002	
  1.2425000e-002	  0.0000000e+000	 -7.0801000e-002	
  1.2450000e-002	  0.0000000e+000	 -6.8359000e-002	
  1.2475000e-002	  0.0000000e+000	 -6.5918000e-002	
  1.2500000e-002	  0.0000000e+000	 -6.3477000e-002	
  1.2525000e-002	  0.0000000e+000	 -6.3477000e-002	
  1.2550000e-002	  0.0000000e+000	 -6.1035000e-002	
  1.2575000e-002	  0.0000000e+000	 -5.8594000e-002	
  1.2600000e-002	  0.0000000e+000	 -5.6152000e-002	
  1.2625000e-002	  0.0000000e+000	 -5.3711000e-002	
  1.2650000e-002	  0.0000000e+000	 -5.3711000e-002	
  1.2675000e-002	  0.0000000e+000	 -5.1270000e-002	
  1.2700000e-002	  0.0000000e+000	 -4.8828000e-002	
  1.2725000e-002	  0.0000000e+000	 -4.6387000e-002	
  1.2750000e-002	  0.0000000e+000	 -4.6387000e-002	
  1.2775000e-002	  0.0000000e+000	 -4.3945000e-002	
  1.2800000e-002	  0.0000000e+000	 -4.3945000e-002	
  1.2825000e-002	  0.0000000e+000	 -4.1504000e-002	
  1.2850000e-002	  0.0000000e+000	 -3.9062000e-002	
  1.2875000e-002	  0.0000000e+000	 -3.9062000e-002	
  1.2900000e-002	  0.0000000e+000	 -3.6621000e-002	
  1.2925000e-002	  0.0000000e+000	 -3.6621000e-002	
  1.2950000e-002	  0.0000000e+000	 -3.4180000e-002	
  1.2975000e-002	  0.0000000e+000	 -3.4180000e-002	
  1.3000000e-002	  0.0000000e+000	 -3.1738000e-002	
  1.3025000e-002	  0.0000000e+000	 -3.1738000e-002	
  1.3050000e-002	  0.0000000e+000	 -2.9297000e-002	
  1.3075000e-002	  0.0000000e+000	 -2.9297000e-002	
  1.3100000e-002	  0.0000000e+000	 -2.6855000e-002	
  1.3125000e-002	  0.0000000e+000	 -2.6855000e-002	
  1.3150000e-002	  0.0000000e+000	 -2.6855000e-002	
  1.3175000e-002	  0.0000000e+000	 -2.4414000e-002	
  1.3200000e-002	  0.0000000e+000	 -2.4414000e-002	
  1.3225000e-002	  0.0000000e+000	 -2.1973000e-002	
  1.3250000e-002	  0.0000000e+000	 -2.1973000e-002	
  1.3275000e-002	  0.0000000e+000	 -2.1973000e-002	
  1.3300000e-002	  0.0000000e+000	 -1.9531000e-002	
  1.3325000e-002	  0.0000000e+000	 -1.9531000e-002	
  1.3350000e-002	  0.0000000e+000	 -1.9531000e-002	
  1.3375000e-002	  0.0000000e+000	 -1.9531000e-002	
  1.3400000e-002	  0.0000000e+000	 -1.7090000e-002	
  1.3425000e-002	  0.0000000e+000	 -1.7090000e-002	
  1.3450000e-002	  0.0000000e+000	 -1.7090000e-002	
  1.3475000e-002	  0.0000000e+000	 -1.7090000e-002	
  1.3500000e-002	  0.0000000e+000	 -1.4648000e-002	
  1.3525000e-002	  0.0000000e+000	 -1.4648000e-002	
  1.3550000e-002	  0.0000000e+000	 -1.4648000e-002	
  1.3575000e-002	  0.0000000e+000	 -1.2207000e-002	
  1.3600000e-002	  0.0000000e+000	 -1.2207000e-002	
  1.3625000e-002	  0.0000000e+000	 -1.2207000e-002	
  1.3650000e-002	  0.0000000e+000	 -1.2207000e-002	
  1.3675000e-002	  0.0000000e+000	 -1.2207000e-002	
  1.3700000e-002	  0.0000000e+000	 -1.2207000e-002	
  1.3725000e-002	  0.0000000e+000	 -9.7660000e-003	
  1.3750000e-002	  0.0000000e+000	 -9.7660000e-003	
  1.3775000e-002	  0.0000000e+000	 -9.7660000e-003	
  1.3800000e-002	  0.0000000e+000	 -9.7660000e-003	
  1.3825000e-002	  0.0000000e+000	 -9.7660000e-003	
  1.3850000e-002	  0.0000000e+000	 -7.3240000e-003	
  1.3875000e-002	  0.0000000e+000	 -7.3240000e-003	
  1.3900000e-002	  0.0000000e+000	 -7.3240000e-003	
  1.3925000e-002	  0.0000000e+000	 -7.3240000e-003	
  1.3950000e-002	  0.0000000e+000	 -7.3240000e-003	
  1.3975000e-002	  2.4410000e-003	 -7.3240000e-003	
  1.4000000e-002	  0.0000000e+000	 -7.3240000e-003	
  1.4025000e-002	  0.0000000e+000	 -7.3240000e-003	
  1.4050000e-002	  0.0000000e+000	 -4.8830000e-003	
  1.4075000e-002	  0.0000000e+000	 -4.8830000e-003	
  1.4100000e-002	  0.0000000e+000	 -4.8830000e-003	
  1.4125000e-002	  0.0000000e+000	 -4.8830000e-003	
  1.4150000e-002	  0.0000000e+000	 -4.8830000e-003	
  1.4175000e-002	  0.0000000e+000	 -4.8830000e-003	
  1.4200000e-002	  0.0000000e+000	 -4.8830000e-003	
  1.4225000e-002	  0.0000000e+000	 -4.8830000e-003	
  1.4250000e-002	  0.0000000e+000	 -2.4410000e-003	
  1.4275000e-002	  0.0000000e+000	 -2.4410000e-003	
  1.4300000e-002	  0.0000000e+000	 -2.4410000e-003	
  1.4325000e-002	  0.0000000e+000	 -2.4410000e-003	
  1.4350000e-002	  0.0000000e+000	 -2.4410000e-003	
  1.4375000e-002	  0.0000000e+000	 -2.4410000e-003	
  1.4400000e-002	  0.0000000e+000	 -2.4410000e-003	
  1.4425000e-002	  0.0000000e+000	 -2.4410000e-003	
  1.4450000e-002	  0.0000000e+000	 -2.4410000e-003	
